Step: 14 | Rwd: -545.89 | Distanza goal: 302.02 | Motivo: Schianto a terra
azioni: -49.592576 | ostacoli: 0.000000 | posizione: -0.496654 | velocita: 0.000000 | progresso: 0.073242

Step: 14 | Rwd: -545.89 | Distanza goal: 302.02 | Motivo: Schianto a terra
azioni: -49.592576 | ostacoli: 0.000000 | posizione: -0.496654 | velocita: 0.000000 | progresso: 0.073242

Step: 112 | Rwd: -492.33 | Distanza goal: 203.17 | Motivo: Collisione ostacolo
azioni: -413.106456 | ostacoli: -21.834645 | posizione: -42.313374 | velocita: 0.000000 | progresso: 485.617065

